% 1 = non LP vs LP
% 2 = subject
% 3 = Channel bundle 
% 4 = Stim site 
manselDist{1} = ... % Rec in Ctx stim in Hipp
    [
    1 1 1 1;
    1 1 1 2;
    1 1 1 3;
    1 1 2 1;
    1 1 2 2;
    1 1 2 3;
    1 1 3 1;
    1 1 3 2;
    1 1 3 3;
    1 2 1 1;
    1 3 1 1;
    1 3 1 2;
    1 3 1 3;
    1 3 2 1;
    1 3 2 2;
    1 3 2 3;
    1 3 3 1;
    1 3 3 2;
    1 3 3 3;
    1 3 3 3;
    1 4 1 1;
    1 4 1 2;
    1 4 2 1;
    1 4 2 2;
    1 4 3 1;
    1 4 3 3;
    1 5 1 1; 
    1 5 1 2;
    1 5 1 3;
    1 5 1 4;
    1 5 2 1;
    1 5 2 2;
    1 5 2 3;
    1 5 2 4;
    1 5 3 1;
    1 5 3 2;
    1 5 3 3;
    1 5 3 4;
    1 7 1 1;
    1 7 1 2;
    1 7 2 1;
    1 7 2 2;
    1 7 2 3;
    1 7 3 1;
    1 7 3 2;
    1 7 3 3;
    1 8 1 1;
    1 9 1 1;
    1 9 2 1;
    1 9 2 2;
    1 10 1 1;
    1 10 1 2;
    1 11 1 1;
    1 12 2 1;
    2 1 1 1;
    2 1 1 2;
    2 1 1 3;
    2 1 2 1;
    2 1 2 2;
    2 1 2 3;
    2 1 3 2;
    2 1 3 3;
    2 2 1 1;
    2 3 1 1;
    2 3 1 3;
    2 3 2 1;
    2 3 3 1;
    2 3 3 2;
    2 3 3 3 ;
    2 4 1 1 ;
    2 4 2 1;
    2 5 1 1;
    2 5 1 2 ;
    2 5 2 2;
    2 5 2 4;
    2 5 3 4;
    2 7 1 1;
    2 7 2 1;
    2 7 2 2 ;
    2 10 1 1;
    2 10 1 2;
    2 12 1 1;
    ];

manselDist{2}  = ... % Record in Hopp, stim in Ctx
    [
     1 1 1 1;
     1 1 1 2;
     1 1 1 3;
     1 1 2 1;
     1 1 2 2;
     1 1 2 3;
     1 1 3 1;
     1 1 3 2;
     1 1 3 3;
     1 3 1 1;
     1 3 1 2;
     1 3 1 3;
     1 3 3 1;
     1 3 3 2;
     1 3 3 3;
     1 4 1 1;
     1 4 2 1;
     1 4 2 3;
     1 4 3 1;
     1 4 3 3;
     1 5 2 1;
     1 5 2 3;
     1 5 3 3;
     1 7 1 1;
     1 7 2 1;
     1 7 2 2;
     1 7 3 2;
     1 8 1 1;
     1 9 1 1;
     1 9 1 2;
     1 9 2 1;
     1 9 2 2;
     1 10 1 1;
     1 10 1 2; 
     2 1 1 1;
     2 1 2 1;
     2 1 2 2;
     2 1 3 1;
     2 1 3 2;
     2 1 3 3;
     2 3 1 1 ;
     2 3 1 2;
     2 4 2 1;
     2 4 2 2;
     2 4 3 2;
     2 5 2 1;
     2 7 3 2;
     2 10 1 1;
     ];
 manselLocal  = ... % Record in Ctx Lcl
    [
    1 1 1 1
    1 1 3 1
    1 2 1 1
    1 2 2 1
    1 3 1 1
    1 3 2 1
    1 3 3 1
    1 4 3 1
    1 4 4 1
    1 10 1 1 
    2 1 1 1
    2 1 2 1
    2 1 2 2
    2 3 2 1
    2 3 2 2
    2 5 2 1
    2 5 2 2
    2 5 3 1
    2 7 2 1
    2 7 2 2
    ];
ManselLocalNum(3) = 13;
ManselLocalNum(4) = 20;